0b000301 0b000001 10003 100 256 3011 100 2366
0b000201 0b000301 10003 100 256 3011 100 2366
0b000101 0b000201 10003 100 256 3011 100 2366
0b000001 0b000101 10003 100 256 3011 100 2366
0b000301 0b000001 10002 100 256 3011 100 2366
0b000201 0b000301 10002 100 256 3011 100 2366
0b000101 0b000201 10002 100 256 3011 100 2366
0b000001 0b000101 10002 100 256 3011 100 2366
0b000301 0b000001 10001 100 256 3011 100 2366
0b000201 0b000301 10001 100 256 3011 100 2366
0b000101 0b000201 10001 100 256 3011 100 2366
0b000001 0b000101 10001 100 256 3011 100 2366
0b000301 0b000001 10000 100 256 3011 100 2366
0b000201 0b000301 10000 100 256 3011 100 2366
0b000101 0b000201 10000 100 256 3011 100 2366
0b000001 0b000101 10000 100 256 3011 100 2366
0b000001 0b000101 10004 100 256 6151 100 2366
0b000301 0b000001 10004 100 256 6151 100 2366
0b000201 0b000301 10004 100 256 6151 100 2366
0b000101 0b000201 10004 100 256 6151 100 2366
0b000001 0b000101 10005 100 256 6151 100 2366
0b000301 0b000001 10005 100 256 6151 100 2366
0b000201 0b000301 10005 100 256 6151 100 2366
0b000101 0b000201 10005 100 256 6151 100 2366
0b000001 0b000101 10006 100 256 6151 100 2366
0b000301 0b000001 10006 100 256 6151 100 2366
0b000201 0b000301 10006 100 256 6151 100 2366
0b000101 0b000201 10006 100 256 6151 100 2366
0b000001 0b000101 10007 100 256 6151 100 2366
0b000301 0b000001 10007 100 256 6151 100 2366
0b000201 0b000301 10007 100 256 6151 100 2366
0b000101 0b000201 10007 100 256 6151 100 2366
0b000101 0b000201 10008 100 256 9291 100 2366
0b000001 0b000101 10008 100 256 9291 100 2366
0b000301 0b000001 10008 100 256 9291 100 2366
0b000201 0b000301 10008 100 256 9291 100 2366
0b000101 0b000201 10009 100 256 9291 100 2366
0b000001 0b000101 10009 100 256 9291 100 2366
0b000301 0b000001 10009 100 256 9291 100 2366
0b000201 0b000301 10009 100 256 9291 100 2366
0b000101 0b000201 10010 100 256 9291 100 2366
0b000001 0b000101 10010 100 256 9291 100 2366
0b000301 0b000001 10010 100 256 9291 100 2366
0b000201 0b000301 10010 100 256 9291 100 2366
0b000101 0b000201 10011 100 256 9291 100 2366
0b000001 0b000101 10011 100 256 9291 100 2366
0b000301 0b000001 10011 100 256 9291 100 2366
0b000201 0b000301 10011 100 256 9291 100 2366
0b000201 0b000301 10012 100 256 12404 100 2366
0b000101 0b000201 10012 100 256 12404 100 2366
0b000001 0b000101 10012 100 256 12404 100 2366
0b000301 0b000001 10012 100 256 12404 100 2366
0b000201 0b000301 10013 100 256 12404 100 2366
0b000101 0b000201 10013 100 256 12404 100 2366
0b000001 0b000101 10013 100 256 12404 100 2366
0b000301 0b000001 10013 100 256 12404 100 2366
0b000201 0b000301 10014 100 256 12404 100 2366
0b000101 0b000201 10014 100 256 12404 100 2366
0b000001 0b000101 10014 100 256 12404 100 2366
0b000301 0b000001 10014 100 256 12404 100 2366
0b000201 0b000301 10015 100 256 12404 100 2366
0b000101 0b000201 10015 100 256 12404 100 2366
0b000001 0b000101 10015 100 256 12404 100 2366
0b000301 0b000001 10015 100 256 12404 100 2366
0b000301 0b000001 10016 100 256 15544 100 2366
0b000201 0b000301 10016 100 256 15544 100 2366
0b000101 0b000201 10016 100 256 15544 100 2366
0b000001 0b000101 10016 100 256 15544 100 2366
0b000301 0b000001 10017 100 256 15544 100 2366
0b000201 0b000301 10017 100 256 15544 100 2366
0b000101 0b000201 10017 100 256 15544 100 2366
0b000001 0b000101 10017 100 256 15544 100 2366
0b000301 0b000001 10018 100 256 15544 100 2366
0b000201 0b000301 10018 100 256 15544 100 2366
0b000101 0b000201 10018 100 256 15544 100 2366
0b000001 0b000101 10018 100 256 15544 100 2366
0b000301 0b000001 10019 100 256 15544 100 2366
0b000201 0b000301 10019 100 256 15544 100 2366
0b000101 0b000201 10019 100 256 15544 100 2366
0b000001 0b000101 10019 100 256 15544 100 2366
0b000001 0b000101 10020 100 256 18684 100 2366
0b000301 0b000001 10020 100 256 18684 100 2366
0b000201 0b000301 10020 100 256 18684 100 2366
0b000101 0b000201 10020 100 256 18684 100 2366
0b000001 0b000101 10021 100 256 18684 100 2366
0b000301 0b000001 10021 100 256 18684 100 2366
0b000201 0b000301 10021 100 256 18684 100 2366
0b000101 0b000201 10021 100 256 18684 100 2366
0b000001 0b000101 10022 100 256 18684 100 2366
0b000301 0b000001 10022 100 256 18684 100 2366
0b000201 0b000301 10022 100 256 18684 100 2366
0b000101 0b000201 10022 100 256 18684 100 2366
0b000001 0b000101 10023 100 256 18684 100 2366
0b000301 0b000001 10023 100 256 18684 100 2366
0b000201 0b000301 10023 100 256 18684 100 2366
0b000101 0b000201 10023 100 256 18684 100 2366
0b000101 0b000201 10024 100 256 21797 100 2366
0b000001 0b000101 10024 100 256 21797 100 2366
0b000301 0b000001 10024 100 256 21797 100 2366
0b000201 0b000301 10024 100 256 21797 100 2366
0b000101 0b000201 10025 100 256 21797 100 2366
0b000001 0b000101 10025 100 256 21797 100 2366
0b000301 0b000001 10025 100 256 21797 100 2366
0b000201 0b000301 10025 100 256 21797 100 2366
0b000101 0b000201 10026 100 256 21797 100 2366
0b000001 0b000101 10026 100 256 21797 100 2366
0b000301 0b000001 10026 100 256 21797 100 2366
0b000201 0b000301 10026 100 256 21797 100 2366
0b000101 0b000201 10027 100 256 21797 100 2366
0b000001 0b000101 10027 100 256 21797 100 2366
0b000301 0b000001 10027 100 256 21797 100 2366
0b000201 0b000301 10027 100 256 21797 100 2366
0b000201 0b000301 10028 100 256 24937 100 2366
0b000101 0b000201 10028 100 256 24937 100 2366
0b000001 0b000101 10028 100 256 24937 100 2366
0b000301 0b000001 10028 100 256 24937 100 2366
0b000201 0b000301 10029 100 256 24937 100 2366
0b000101 0b000201 10029 100 256 24937 100 2366
0b000001 0b000101 10029 100 256 24937 100 2366
0b000301 0b000001 10029 100 256 24937 100 2366
0b000201 0b000301 10030 100 256 24937 100 2366
0b000101 0b000201 10030 100 256 24937 100 2366
0b000001 0b000101 10030 100 256 24937 100 2366
0b000301 0b000001 10030 100 256 24937 100 2366
0b000201 0b000301 10031 100 256 24937 100 2366
0b000101 0b000201 10031 100 256 24937 100 2366
0b000001 0b000101 10031 100 256 24937 100 2366
0b000301 0b000001 10031 100 256 24937 100 2366
0b000301 0b000001 10032 100 256 28077 100 2366
0b000201 0b000301 10032 100 256 28077 100 2366
0b000101 0b000201 10032 100 256 28077 100 2366
0b000001 0b000101 10032 100 256 28077 100 2366
0b000301 0b000001 10033 100 256 28077 100 2366
0b000201 0b000301 10033 100 256 28077 100 2366
0b000101 0b000201 10033 100 256 28077 100 2366
0b000001 0b000101 10033 100 256 28077 100 2366
0b000301 0b000001 10034 100 256 28077 100 2366
0b000201 0b000301 10034 100 256 28077 100 2366
0b000101 0b000201 10034 100 256 28077 100 2366
0b000001 0b000101 10034 100 256 28077 100 2366
0b000301 0b000001 10035 100 256 28077 100 2366
0b000201 0b000301 10035 100 256 28077 100 2366
0b000101 0b000201 10035 100 256 28077 100 2366
0b000001 0b000101 10035 100 256 28077 100 2366
0b000001 0b000101 10036 100 512 31190 102 2371
0b000301 0b000001 10036 100 512 31190 102 2371
0b000201 0b000301 10036 100 512 31190 102 2371
0b000101 0b000201 10036 100 512 31190 102 2371
0b000001 0b000101 10037 100 512 31190 103 2371
0b000301 0b000001 10037 100 512 31190 103 2371
0b000201 0b000301 10037 100 512 31190 103 2371
0b000101 0b000201 10037 100 512 31190 103 2371
0b000001 0b000101 10038 100 512 31190 104 2371
0b000301 0b000001 10038 100 512 31190 104 2371
0b000201 0b000301 10038 100 512 31190 104 2371
0b000101 0b000201 10038 100 512 31190 104 2371
0b000001 0b000101 10039 100 512 31190 105 2371
0b000301 0b000001 10039 100 512 31190 105 2371
0b000201 0b000301 10039 100 512 31190 105 2371
0b000101 0b000201 10039 100 512 31190 105 2371
0b000101 0b000201 10040 100 512 34332 102 2371
0b000001 0b000101 10040 100 512 34332 102 2371
0b000301 0b000001 10040 100 512 34332 102 2371
0b000201 0b000301 10040 100 512 34332 102 2371
0b000101 0b000201 10041 100 512 34333 102 2371
0b000001 0b000101 10041 100 512 34333 102 2371
0b000301 0b000001 10041 100 512 34333 102 2371
0b000201 0b000301 10041 100 512 34333 102 2371
0b000101 0b000201 10042 100 512 34334 102 2371
0b000001 0b000101 10042 100 512 34334 102 2371
0b000301 0b000001 10042 100 512 34334 102 2371
0b000201 0b000301 10042 100 512 34334 102 2371
0b000101 0b000201 10043 100 512 34335 102 2371
0b000001 0b000101 10043 100 512 34335 102 2371
0b000301 0b000001 10043 100 512 34335 102 2371
0b000201 0b000301 10043 100 512 34335 102 2371
0b000201 0b000301 10044 100 512 37474 102 2371
0b000101 0b000201 10044 100 512 37474 102 2371
0b000001 0b000101 10044 100 512 37474 102 2371
0b000301 0b000001 10044 100 512 37474 102 2371
0b000201 0b000301 10045 100 512 37475 102 2371
0b000101 0b000201 10045 100 512 37475 102 2371
0b000001 0b000101 10045 100 512 37475 102 2371
0b000301 0b000001 10045 100 512 37475 102 2371
0b000201 0b000301 10046 100 512 37476 102 2371
0b000101 0b000201 10046 100 512 37476 102 2371
0b000001 0b000101 10046 100 512 37476 102 2371
0b000301 0b000001 10046 100 512 37476 102 2371
0b000201 0b000301 10047 100 512 37477 102 2371
0b000101 0b000201 10047 100 512 37477 102 2371
0b000001 0b000101 10047 100 512 37477 102 2371
0b000301 0b000001 10047 100 512 37477 102 2371
0b000301 0b000001 10048 100 1024 40592 104 2381
0b000201 0b000301 10048 100 1024 40592 104 2381
0b000101 0b000201 10048 100 1024 40592 104 2381
0b000001 0b000101 10048 100 1024 40592 104 2381
0b000301 0b000001 10049 100 1024 40592 106 2381
0b000201 0b000301 10049 100 1024 40592 106 2381
0b000101 0b000201 10049 100 1024 40592 106 2381
0b000001 0b000101 10049 100 1024 40592 106 2381
0b000301 0b000001 10050 100 1024 40592 108 2381
0b000201 0b000301 10050 100 1024 40592 108 2381
0b000101 0b000201 10050 100 1024 40592 108 2381
0b000001 0b000101 10050 100 1024 40592 108 2381
0b000301 0b000001 10051 100 1024 40592 110 2381
0b000201 0b000301 10051 100 1024 40592 110 2381
0b000101 0b000201 10051 100 1024 40592 110 2381
0b000001 0b000101 10051 100 1024 40592 110 2381
0b000001 0b000101 10052 100 1024 43736 104 2381
0b000301 0b000001 10052 100 1024 43736 104 2381
0b000201 0b000301 10052 100 1024 43736 104 2381
0b000101 0b000201 10052 100 1024 43736 104 2381
0b000001 0b000101 10053 100 1024 43738 104 2381
0b000301 0b000001 10053 100 1024 43738 104 2381
0b000201 0b000301 10053 100 1024 43738 104 2381
0b000101 0b000201 10053 100 1024 43738 104 2381
0b000001 0b000101 10054 100 1024 43740 104 2381
0b000301 0b000001 10054 100 1024 43740 104 2381
0b000201 0b000301 10054 100 1024 43740 104 2381
0b000101 0b000201 10054 100 1024 43740 104 2381
0b000001 0b000101 10055 100 1024 43742 104 2381
0b000301 0b000001 10055 100 1024 43742 104 2381
0b000201 0b000301 10055 100 1024 43742 104 2381
0b000101 0b000201 10055 100 1024 43742 104 2381
0b000101 0b000201 10056 100 1024 46880 104 2381
0b000001 0b000101 10056 100 1024 46880 104 2381
0b000301 0b000001 10056 100 1024 46880 104 2381
0b000201 0b000301 10056 100 1024 46880 104 2381
0b000101 0b000201 10057 100 1024 46882 104 2381
0b000001 0b000101 10057 100 1024 46882 104 2381
0b000301 0b000001 10057 100 1024 46882 104 2381
0b000201 0b000301 10057 100 1024 46882 104 2381
0b000101 0b000201 10058 100 1024 46884 104 2381
0b000001 0b000101 10058 100 1024 46884 104 2381
0b000301 0b000001 10058 100 1024 46884 104 2381
0b000201 0b000301 10058 100 1024 46884 104 2381
0b000101 0b000201 10059 100 1024 46886 104 2381
0b000001 0b000101 10059 100 1024 46886 104 2381
0b000301 0b000001 10059 100 1024 46886 104 2381
0b000201 0b000301 10059 100 1024 46886 104 2381
0b000201 0b000301 10060 100 2048 50003 110 2402
0b000101 0b000201 10060 100 2048 50003 110 2402
0b000001 0b000101 10060 100 2048 50003 110 2402
0b000301 0b000001 10060 100 2048 50003 110 2402
0b000201 0b000301 10061 100 2048 50003 115 2402
0b000101 0b000201 10061 100 2048 50003 115 2402
0b000001 0b000101 10061 100 2048 50003 115 2402
0b000301 0b000001 10061 100 2048 50003 115 2402
0b000201 0b000301 10062 100 2048 50003 120 2402
0b000101 0b000201 10062 100 2048 50003 120 2402
0b000001 0b000101 10062 100 2048 50003 120 2402
0b000301 0b000001 10062 100 2048 50003 120 2402
0b000201 0b000301 10063 100 2048 50003 125 2402
0b000101 0b000201 10063 100 2048 50003 125 2402
0b000001 0b000101 10063 100 2048 50003 125 2402
0b000301 0b000001 10063 100 2048 50003 125 2402
0b000301 0b000001 10064 100 2048 53153 110 2402
0b000201 0b000301 10064 100 2048 53153 110 2402
0b000101 0b000201 10064 100 2048 53153 110 2402
0b000001 0b000101 10064 100 2048 53153 110 2402
0b000301 0b000001 10065 100 2048 53158 110 2402
0b000201 0b000301 10065 100 2048 53158 110 2402
0b000101 0b000201 10065 100 2048 53158 110 2402
0b000001 0b000101 10065 100 2048 53158 110 2402
0b000301 0b000001 10066 100 2048 53163 110 2402
0b000201 0b000301 10066 100 2048 53163 110 2402
0b000101 0b000201 10066 100 2048 53163 110 2402
0b000001 0b000101 10066 100 2048 53163 110 2402
0b000301 0b000001 10067 100 2048 53168 110 2402
0b000201 0b000301 10067 100 2048 53168 110 2402
0b000101 0b000201 10067 100 2048 53168 110 2402
0b000001 0b000101 10067 100 2048 53168 110 2402
0b000001 0b000101 10068 100 2048 56303 110 2402
0b000301 0b000001 10068 100 2048 56303 110 2402
0b000201 0b000301 10068 100 2048 56303 110 2402
0b000101 0b000201 10068 100 2048 56303 110 2402
0b000001 0b000101 10069 100 2048 56308 110 2402
0b000301 0b000001 10069 100 2048 56308 110 2402
0b000201 0b000301 10069 100 2048 56308 110 2402
0b000101 0b000201 10069 100 2048 56308 110 2402
0b000001 0b000101 10070 100 2048 56313 110 2402
0b000301 0b000001 10070 100 2048 56313 110 2402
0b000201 0b000301 10070 100 2048 56313 110 2402
0b000101 0b000201 10070 100 2048 56313 110 2402
0b000001 0b000101 10071 100 2048 56318 110 2402
0b000301 0b000001 10071 100 2048 56318 110 2402
0b000201 0b000301 10071 100 2048 56318 110 2402
0b000101 0b000201 10071 100 2048 56318 110 2402
0b000101 0b000201 10072 100 4096 59441 122 2442
0b000001 0b000101 10072 100 4096 59441 122 2442
0b000301 0b000001 10072 100 4096 59441 122 2442
0b000201 0b000301 10072 100 4096 59441 122 2442
0b000101 0b000201 10073 100 4096 59441 133 2442
0b000001 0b000101 10073 100 4096 59441 133 2442
0b000301 0b000001 10073 100 4096 59441 133 2442
0b000201 0b000301 10073 100 4096 59441 133 2442
0b000101 0b000201 10074 100 4096 59441 144 2442
0b000001 0b000101 10074 100 4096 59441 144 2442
0b000301 0b000001 10074 100 4096 59441 144 2442
0b000201 0b000301 10074 100 4096 59441 144 2442
0b000101 0b000201 10075 100 4096 59441 155 2442
0b000001 0b000101 10075 100 4096 59441 155 2442
0b000301 0b000001 10075 100 4096 59441 155 2442
0b000201 0b000301 10075 100 4096 59441 155 2442
0b000201 0b000301 10076 100 4096 62603 122 2442
0b000101 0b000201 10076 100 4096 62603 122 2442
0b000001 0b000101 10076 100 4096 62603 122 2442
0b000301 0b000001 10076 100 4096 62603 122 2442
0b000201 0b000301 10077 100 4096 62614 122 2442
0b000101 0b000201 10077 100 4096 62614 122 2442
0b000001 0b000101 10077 100 4096 62614 122 2442
0b000301 0b000001 10077 100 4096 62614 122 2442
0b000201 0b000301 10078 100 4096 62625 122 2442
0b000101 0b000201 10078 100 4096 62625 122 2442
0b000001 0b000101 10078 100 4096 62625 122 2442
0b000301 0b000001 10078 100 4096 62625 122 2442
0b000201 0b000301 10079 100 4096 62636 122 2442
0b000101 0b000201 10079 100 4096 62636 122 2442
0b000001 0b000101 10079 100 4096 62636 122 2442
0b000301 0b000001 10079 100 4096 62636 122 2442
0b000301 0b000001 10080 100 4096 65765 122 2442
0b000201 0b000301 10080 100 4096 65765 122 2442
0b000101 0b000201 10080 100 4096 65765 122 2442
0b000001 0b000101 10080 100 4096 65765 122 2442
0b000301 0b000001 10081 100 4096 65776 122 2442
0b000201 0b000301 10081 100 4096 65776 122 2442
0b000101 0b000201 10081 100 4096 65776 122 2442
0b000001 0b000101 10081 100 4096 65776 122 2442
0b000301 0b000001 10082 100 4096 65787 122 2442
0b000201 0b000301 10082 100 4096 65787 122 2442
0b000101 0b000201 10082 100 4096 65787 122 2442
0b000001 0b000101 10082 100 4096 65787 122 2442
0b000301 0b000001 10083 100 4096 65798 122 2442
0b000201 0b000301 10083 100 4096 65798 122 2442
0b000101 0b000201 10083 100 4096 65798 122 2442
0b000001 0b000101 10083 100 4096 65798 122 2442
0b000101 0b000201 10084 100 8192 68933 160 2524
0b000001 0b000101 10084 100 8192 68933 160 2524
0b000301 0b000001 10084 100 8192 68933 160 2524
0b000201 0b000301 10084 100 8192 68933 160 2524
0b000001 0b000101 10085 100 8192 68933 166 2524
0b000301 0b000001 10085 100 8192 68933 166 2524
0b000201 0b000301 10085 100 8192 68933 166 2524
0b000101 0b000201 10085 100 8192 68933 166 2524
0b000001 0b000101 10086 100 8192 68933 188 2524
0b000301 0b000001 10086 100 8192 68933 188 2524
0b000201 0b000301 10086 100 8192 68933 188 2524
0b000101 0b000201 10086 100 8192 68933 188 2524
0b000001 0b000101 10087 100 8192 68933 210 2524
0b000301 0b000001 10087 100 8192 68933 210 2524
0b000201 0b000301 10087 100 8192 68933 210 2524
0b000101 0b000201 10087 100 8192 68933 210 2524
0b000301 0b000001 10088 100 8192 72133 160 2524
0b000201 0b000301 10088 100 8192 72133 160 2524
0b000101 0b000201 10088 100 8192 72133 160 2524
0b000001 0b000101 10088 100 8192 72133 160 2524
0b000201 0b000301 10089 100 8192 72139 160 2524
0b000101 0b000201 10089 100 8192 72139 160 2524
0b000001 0b000101 10089 100 8192 72139 160 2524
0b000301 0b000001 10089 100 8192 72139 160 2524
0b000201 0b000301 10090 100 8192 72161 160 2524
0b000101 0b000201 10090 100 8192 72161 160 2524
0b000001 0b000101 10090 100 8192 72161 160 2524
0b000301 0b000001 10090 100 8192 72161 160 2524
0b000201 0b000301 10091 100 8192 72183 160 2524
0b000101 0b000201 10091 100 8192 72183 160 2524
0b000001 0b000101 10091 100 8192 72183 160 2524
0b000301 0b000001 10091 100 8192 72183 160 2524
0b000101 0b000201 10092 100 8192 75333 160 2524
0b000001 0b000101 10092 100 8192 75333 160 2524
0b000301 0b000001 10092 100 8192 75333 160 2524
0b000201 0b000301 10092 100 8192 75333 160 2524
0b000001 0b000101 10093 100 8192 75339 160 2524
0b000301 0b000001 10093 100 8192 75339 160 2524
0b000201 0b000301 10093 100 8192 75339 160 2524
0b000101 0b000201 10093 100 8192 75339 160 2524
0b000001 0b000101 10094 100 8192 75361 160 2524
0b000301 0b000001 10094 100 8192 75361 160 2524
0b000201 0b000301 10094 100 8192 75361 160 2524
0b000101 0b000201 10094 100 8192 75361 160 2524
0b000001 0b000101 10095 100 8192 75383 160 2524
0b000301 0b000001 10095 100 8192 75383 160 2524
0b000201 0b000301 10095 100 8192 75383 160 2524
0b000101 0b000201 10095 100 8192 75383 160 2524
0b000201 0b000301 10096 100 16384 78556 255 2689
0b000101 0b000201 10096 100 16384 78556 255 2689
0b000001 0b000101 10096 100 16384 78556 255 2689
0b000301 0b000001 10096 100 16384 78556 255 2689
0b000101 0b000201 10097 100 16384 78556 265 2689
0b000001 0b000101 10097 100 16384 78556 265 2689
0b000301 0b000001 10097 100 16384 78556 265 2689
0b000201 0b000301 10097 100 16384 78556 265 2689
0b000101 0b000201 10098 100 16384 78556 285 2689
0b000001 0b000101 10098 100 16384 78556 285 2689
0b000301 0b000001 10098 100 16384 78556 285 2689
0b000201 0b000301 10098 100 16384 78556 285 2689
0b000101 0b000201 10099 100 16384 78556 305 2689
0b000001 0b000101 10099 100 16384 78556 305 2689
0b000301 0b000001 10099 100 16384 78556 305 2689
0b000201 0b000301 10099 100 16384 78556 305 2689
0b000001 0b000101 10100 100 16384 81851 255 2689
0b000301 0b000001 10100 100 16384 81851 255 2689
0b000201 0b000301 10100 100 16384 81851 255 2689
0b000101 0b000201 10100 100 16384 81851 255 2689
0b000301 0b000001 10101 100 16384 81861 255 2689
0b000201 0b000301 10101 100 16384 81861 255 2689
0b000101 0b000201 10101 100 16384 81861 255 2689
0b000001 0b000101 10101 100 16384 81861 255 2689
0b000301 0b000001 10102 100 16384 81881 255 2689
0b000201 0b000301 10102 100 16384 81881 255 2689
0b000101 0b000201 10102 100 16384 81881 255 2689
0b000001 0b000101 10102 100 16384 81881 255 2689
0b000301 0b000001 10103 100 16384 81901 255 2689
0b000201 0b000301 10103 100 16384 81901 255 2689
0b000101 0b000201 10103 100 16384 81901 255 2689
0b000001 0b000101 10103 100 16384 81901 255 2689
0b000201 0b000301 10104 100 16384 85146 255 2689
0b000101 0b000201 10104 100 16384 85146 255 2689
0b000001 0b000101 10104 100 16384 85146 255 2689
0b000301 0b000001 10104 100 16384 85146 255 2689
0b000101 0b000201 10105 100 16384 85156 255 2689
0b000001 0b000101 10105 100 16384 85156 255 2689
0b000301 0b000001 10105 100 16384 85156 255 2689
0b000201 0b000301 10105 100 16384 85156 255 2689
0b000101 0b000201 10106 100 16384 85176 255 2689
0b000001 0b000101 10106 100 16384 85176 255 2689
0b000301 0b000001 10106 100 16384 85176 255 2689
0b000201 0b000301 10106 100 16384 85176 255 2689
0b000101 0b000201 10107 100 16384 85196 255 2689
0b000001 0b000101 10107 100 16384 85196 255 2689
0b000301 0b000001 10107 100 16384 85196 255 2689
0b000201 0b000301 10107 100 16384 85196 255 2689
0b000201 0b000301 10108 100 32768 88464 441 3019
0b000101 0b000201 10108 100 32768 88464 441 3019
0b000001 0b000101 10108 100 32768 88464 441 3019
0b000301 0b000001 10108 100 32768 88464 441 3019
0b000201 0b000301 10109 100 32768 88464 457 3019
0b000101 0b000201 10109 100 32768 88464 457 3019
0b000001 0b000101 10109 100 32768 88464 457 3019
0b000301 0b000001 10109 100 32768 88464 457 3019
0b000201 0b000301 10110 100 32768 88464 473 3019
0b000101 0b000201 10110 100 32768 88464 473 3019
0b000001 0b000101 10110 100 32768 88464 473 3019
0b000301 0b000001 10110 100 32768 88464 473 3019
0b000201 0b000301 10111 100 32768 88464 489 3019
0b000101 0b000201 10111 100 32768 88464 489 3019
0b000001 0b000101 10111 100 32768 88464 489 3019
0b000301 0b000001 10111 100 32768 88464 489 3019
0b000301 0b000001 10112 100 32768 91945 441 3019
0b000201 0b000301 10112 100 32768 91945 441 3019
0b000101 0b000201 10112 100 32768 91945 441 3019
0b000001 0b000101 10112 100 32768 91945 441 3019
0b000301 0b000001 10113 100 32768 91961 441 3019
0b000201 0b000301 10113 100 32768 91961 441 3019
0b000101 0b000201 10113 100 32768 91961 441 3019
0b000001 0b000101 10113 100 32768 91961 441 3019
0b000301 0b000001 10114 100 32768 91977 441 3019
0b000201 0b000301 10114 100 32768 91977 441 3019
0b000101 0b000201 10114 100 32768 91977 441 3019
0b000001 0b000101 10114 100 32768 91977 441 3019
0b000301 0b000001 10115 100 32768 91993 441 3019
0b000201 0b000301 10115 100 32768 91993 441 3019
0b000101 0b000201 10115 100 32768 91993 441 3019
0b000001 0b000101 10115 100 32768 91993 441 3019
0b000001 0b000101 10116 100 32768 95426 441 3019
0b000301 0b000001 10116 100 32768 95426 441 3019
0b000201 0b000301 10116 100 32768 95426 441 3019
0b000101 0b000201 10116 100 32768 95426 441 3019
0b000001 0b000101 10117 100 32768 95442 441 3019
0b000301 0b000001 10117 100 32768 95442 441 3019
0b000201 0b000301 10117 100 32768 95442 441 3019
0b000101 0b000201 10117 100 32768 95442 441 3019
0b000001 0b000101 10118 100 32768 95458 441 3019
0b000301 0b000001 10118 100 32768 95458 441 3019
0b000201 0b000301 10118 100 32768 95458 441 3019
0b000101 0b000201 10118 100 32768 95458 441 3019
0b000001 0b000101 10119 100 32768 95474 441 3019
0b000301 0b000001 10119 100 32768 95474 441 3019
0b000201 0b000301 10119 100 32768 95474 441 3019
0b000101 0b000201 10119 100 32768 95474 441 3019
0b000101 0b000201 10120 100 65536 98928 832 3679
0b000001 0b000101 10120 100 65536 98928 832 3679
0b000301 0b000001 10120 100 65536 98928 832 3679
0b000201 0b000301 10120 100 65536 98928 832 3679
0b000101 0b000201 10121 100 65536 98928 839 3679
0b000001 0b000101 10121 100 65536 98928 839 3679
0b000301 0b000001 10121 100 65536 98928 839 3679
0b000201 0b000301 10121 100 65536 98928 839 3679
0b000101 0b000201 10122 100 65536 98928 846 3679
0b000001 0b000101 10122 100 65536 98928 846 3679
0b000301 0b000001 10122 100 65536 98928 846 3679
0b000201 0b000301 10122 100 65536 98928 846 3679
0b000101 0b000201 10123 100 65536 98928 853 3679
0b000001 0b000101 10123 100 65536 98928 853 3679
0b000301 0b000001 10123 100 65536 98928 853 3679
0b000201 0b000301 10123 100 65536 98928 853 3679
0b000201 0b000301 10124 100 65536 102800 832 3679
0b000101 0b000201 10124 100 65536 102800 832 3679
0b000001 0b000101 10124 100 65536 102800 832 3679
0b000301 0b000001 10124 100 65536 102800 832 3679
0b000201 0b000301 10125 100 65536 102807 832 3679
0b000101 0b000201 10125 100 65536 102807 832 3679
0b000001 0b000101 10125 100 65536 102807 832 3679
0b000301 0b000001 10125 100 65536 102807 832 3679
0b000201 0b000301 10126 100 65536 102814 832 3679
0b000101 0b000201 10126 100 65536 102814 832 3679
0b000001 0b000101 10126 100 65536 102814 832 3679
0b000301 0b000001 10126 100 65536 102814 832 3679
0b000201 0b000301 10127 100 65536 102821 832 3679
0b000101 0b000201 10127 100 65536 102821 832 3679
0b000001 0b000101 10127 100 65536 102821 832 3679
0b000301 0b000001 10127 100 65536 102821 832 3679
0b000301 0b000001 10128 100 65536 106672 832 3679
0b000201 0b000301 10128 100 65536 106672 832 3679
0b000101 0b000201 10128 100 65536 106672 832 3679
0b000001 0b000101 10128 100 65536 106672 832 3679
0b000301 0b000001 10129 100 65536 106679 832 3679
0b000201 0b000301 10129 100 65536 106679 832 3679
0b000101 0b000201 10129 100 65536 106679 832 3679
0b000001 0b000101 10129 100 65536 106679 832 3679
0b000301 0b000001 10130 100 65536 106686 832 3679
0b000201 0b000301 10130 100 65536 106686 832 3679
0b000101 0b000201 10130 100 65536 106686 832 3679
0b000001 0b000101 10130 100 65536 106686 832 3679
0b000301 0b000001 10131 100 65536 106693 832 3679
0b000201 0b000301 10131 100 65536 106693 832 3679
0b000101 0b000201 10131 100 65536 106693 832 3679
0b000001 0b000101 10131 100 65536 106693 832 3679
0b000001 0b000101 10132 100 131072 110538 1539 4997
0b000301 0b000001 10132 100 131072 110538 1539 4997
0b000201 0b000301 10132 100 131072 110538 1539 4997
0b000101 0b000201 10132 100 131072 110538 1539 4997
0b000001 0b000101 10133 100 131072 110538 1553 4997
0b000301 0b000001 10133 100 131072 110538 1553 4997
0b000201 0b000301 10133 100 131072 110538 1553 4997
0b000101 0b000201 10133 100 131072 110538 1553 4997
0b000001 0b000101 10134 100 131072 110538 1567 4997
0b000301 0b000001 10134 100 131072 110538 1567 4997
0b000201 0b000301 10134 100 131072 110538 1567 4997
0b000101 0b000201 10134 100 131072 110538 1567 4997
0b000001 0b000101 10135 100 131072 110538 1581 4997
0b000301 0b000001 10135 100 131072 110538 1581 4997
0b000201 0b000301 10135 100 131072 110538 1581 4997
0b000101 0b000201 10135 100 131072 110538 1581 4997
0b000101 0b000201 10136 100 131072 115117 1539 4997
0b000001 0b000101 10136 100 131072 115117 1539 4997
0b000301 0b000001 10136 100 131072 115117 1539 4997
0b000201 0b000301 10136 100 131072 115117 1539 4997
0b000101 0b000201 10137 100 131072 115131 1539 4997
0b000001 0b000101 10137 100 131072 115131 1539 4997
0b000301 0b000001 10137 100 131072 115131 1539 4997
0b000201 0b000301 10137 100 131072 115131 1539 4997
0b000101 0b000201 10138 100 131072 115145 1539 4997
0b000001 0b000101 10138 100 131072 115145 1539 4997
0b000301 0b000001 10138 100 131072 115145 1539 4997
0b000201 0b000301 10138 100 131072 115145 1539 4997
0b000101 0b000201 10139 100 131072 115159 1539 4997
0b000001 0b000101 10139 100 131072 115159 1539 4997
0b000301 0b000001 10139 100 131072 115159 1539 4997
0b000201 0b000301 10139 100 131072 115159 1539 4997
0b000201 0b000301 10140 100 131072 119696 1539 4997
0b000101 0b000201 10140 100 131072 119696 1539 4997
0b000001 0b000101 10140 100 131072 119696 1539 4997
0b000301 0b000001 10140 100 131072 119696 1539 4997
0b000201 0b000301 10141 100 131072 119710 1539 4997
0b000101 0b000201 10141 100 131072 119710 1539 4997
0b000001 0b000101 10141 100 131072 119710 1539 4997
0b000301 0b000001 10141 100 131072 119710 1539 4997
0b000201 0b000301 10142 100 131072 119724 1539 4997
0b000101 0b000201 10142 100 131072 119724 1539 4997
0b000001 0b000101 10142 100 131072 119724 1539 4997
0b000301 0b000001 10142 100 131072 119724 1539 4997
0b000201 0b000301 10143 100 131072 119738 1539 4997
0b000101 0b000201 10143 100 131072 119738 1539 4997
0b000001 0b000101 10143 100 131072 119738 1539 4997
0b000301 0b000001 10143 100 131072 119738 1539 4997
0b000301 0b000001 10144 100 262144 124290 3028 7634
0b000201 0b000301 10144 100 262144 124290 3028 7634
0b000101 0b000201 10144 100 262144 124290 3028 7634
0b000001 0b000101 10144 100 262144 124290 3028 7634
0b000301 0b000001 10145 100 262144 124290 3031 7634
0b000201 0b000301 10145 100 262144 124290 3031 7634
0b000101 0b000201 10145 100 262144 124290 3031 7634
0b000001 0b000101 10145 100 262144 124290 3031 7634
0b000301 0b000001 10146 100 262144 124290 3034 7634
0b000201 0b000301 10146 100 262144 124290 3034 7634
0b000101 0b000201 10146 100 262144 124290 3034 7634
0b000001 0b000101 10146 100 262144 124290 3034 7634
0b000301 0b000001 10147 100 262144 124290 3037 7634
0b000201 0b000301 10147 100 262144 124290 3037 7634
0b000101 0b000201 10147 100 262144 124290 3037 7634
0b000001 0b000101 10147 100 262144 124290 3037 7634
0b000001 0b000101 10148 100 262144 130358 3028 7634
0b000301 0b000001 10148 100 262144 130358 3028 7634
0b000201 0b000301 10148 100 262144 130358 3028 7634
0b000101 0b000201 10148 100 262144 130358 3028 7634
0b000001 0b000101 10149 100 262144 130361 3028 7634
0b000301 0b000001 10149 100 262144 130361 3028 7634
0b000201 0b000301 10149 100 262144 130361 3028 7634
0b000101 0b000201 10149 100 262144 130361 3028 7634
0b000001 0b000101 10150 100 262144 130364 3028 7634
0b000301 0b000001 10150 100 262144 130364 3028 7634
0b000201 0b000301 10150 100 262144 130364 3028 7634
0b000101 0b000201 10150 100 262144 130364 3028 7634
0b000001 0b000101 10151 100 262144 130367 3028 7634
0b000301 0b000001 10151 100 262144 130367 3028 7634
0b000201 0b000301 10151 100 262144 130367 3028 7634
0b000101 0b000201 10151 100 262144 130367 3028 7634
0b000101 0b000201 10152 100 262144 136426 3028 7634
0b000001 0b000101 10152 100 262144 136426 3028 7634
0b000301 0b000001 10152 100 262144 136426 3028 7634
0b000201 0b000301 10152 100 262144 136426 3028 7634
0b000101 0b000201 10153 100 262144 136429 3028 7634
0b000001 0b000101 10153 100 262144 136429 3028 7634
0b000301 0b000001 10153 100 262144 136429 3028 7634
0b000201 0b000301 10153 100 262144 136429 3028 7634
0b000101 0b000201 10154 100 262144 136432 3028 7634
0b000001 0b000101 10154 100 262144 136432 3028 7634
0b000301 0b000001 10154 100 262144 136432 3028 7634
0b000201 0b000301 10154 100 262144 136432 3028 7634
0b000101 0b000201 10155 100 262144 136435 3028 7634
0b000001 0b000101 10155 100 262144 136435 3028 7634
0b000301 0b000001 10155 100 262144 136435 3028 7634
0b000201 0b000301 10155 100 262144 136435 3028 7634
0b000201 0b000301 10156 100 524288 142476 5931 12907
0b000101 0b000201 10156 100 524288 142476 5931 12907
0b000001 0b000101 10156 100 524288 142476 5931 12907
0b000301 0b000001 10156 100 524288 142476 5931 12907
0b000201 0b000301 10157 100 524288 142476 5937 12907
0b000101 0b000201 10157 100 524288 142476 5937 12907
0b000001 0b000101 10157 100 524288 142476 5937 12907
0b000301 0b000001 10157 100 524288 142476 5937 12907
0b000201 0b000301 10158 100 524288 142476 5943 12907
0b000101 0b000201 10158 100 524288 142476 5943 12907
0b000001 0b000101 10158 100 524288 142476 5943 12907
0b000301 0b000001 10158 100 524288 142476 5943 12907
0b000201 0b000301 10159 100 524288 142476 5949 12907
0b000101 0b000201 10159 100 524288 142476 5949 12907
0b000001 0b000101 10159 100 524288 142476 5949 12907
0b000301 0b000001 10159 100 524288 142476 5949 12907
0b000301 0b000001 10160 100 524288 151447 5931 12907
0b000201 0b000301 10160 100 524288 151447 5931 12907
0b000101 0b000201 10160 100 524288 151447 5931 12907
0b000001 0b000101 10160 100 524288 151447 5931 12907
0b000301 0b000001 10161 100 524288 151453 5931 12907
0b000201 0b000301 10161 100 524288 151453 5931 12907
0b000101 0b000201 10161 100 524288 151453 5931 12907
0b000001 0b000101 10161 100 524288 151453 5931 12907
0b000301 0b000001 10162 100 524288 151459 5931 12907
0b000201 0b000301 10162 100 524288 151459 5931 12907
0b000101 0b000201 10162 100 524288 151459 5931 12907
0b000001 0b000101 10162 100 524288 151459 5931 12907
0b000301 0b000001 10163 100 524288 151465 5931 12907
0b000201 0b000301 10163 100 524288 151465 5931 12907
0b000101 0b000201 10163 100 524288 151465 5931 12907
0b000001 0b000101 10163 100 524288 151465 5931 12907
0b000001 0b000101 10164 100 524288 160418 5931 12907
0b000301 0b000001 10164 100 524288 160418 5931 12907
0b000201 0b000301 10164 100 524288 160418 5931 12907
0b000101 0b000201 10164 100 524288 160418 5931 12907
0b000001 0b000101 10165 100 524288 160424 5931 12907
0b000301 0b000001 10165 100 524288 160424 5931 12907
0b000201 0b000301 10165 100 524288 160424 5931 12907
0b000101 0b000201 10165 100 524288 160424 5931 12907
0b000001 0b000101 10166 100 524288 160430 5931 12907
0b000301 0b000001 10166 100 524288 160430 5931 12907
0b000201 0b000301 10166 100 524288 160430 5931 12907
0b000101 0b000201 10166 100 524288 160430 5931 12907
0b000001 0b000101 10167 100 524288 160436 5931 12907
0b000301 0b000001 10167 100 524288 160436 5931 12907
0b000201 0b000301 10167 100 524288 160436 5931 12907
0b000101 0b000201 10167 100 524288 160436 5931 12907
0b000101 0b000201 10168 100 1048576 169380 11737 23453
0b000001 0b000101 10168 100 1048576 169380 11737 23453
0b000301 0b000001 10168 100 1048576 169380 11737 23453
0b000201 0b000301 10168 100 1048576 169380 11737 23453
0b000101 0b000201 10169 100 1048576 169380 11749 23453
0b000001 0b000101 10169 100 1048576 169380 11749 23453
0b000301 0b000001 10169 100 1048576 169380 11749 23453
0b000201 0b000301 10169 100 1048576 169380 11749 23453
0b000101 0b000201 10170 100 1048576 169380 11761 23453
0b000001 0b000101 10170 100 1048576 169380 11761 23453
0b000301 0b000001 10170 100 1048576 169380 11761 23453
0b000201 0b000301 10170 100 1048576 169380 11761 23453
0b000101 0b000201 10171 100 1048576 169380 11773 23453
0b000001 0b000101 10171 100 1048576 169380 11773 23453
0b000301 0b000001 10171 100 1048576 169380 11773 23453
0b000201 0b000301 10171 100 1048576 169380 11773 23453
0b000201 0b000301 10172 100 1048576 184157 11737 23453
0b000101 0b000201 10172 100 1048576 184157 11737 23453
0b000001 0b000101 10172 100 1048576 184157 11737 23453
0b000301 0b000001 10172 100 1048576 184157 11737 23453
0b000201 0b000301 10173 100 1048576 184169 11737 23453
0b000101 0b000201 10173 100 1048576 184169 11737 23453
0b000001 0b000101 10173 100 1048576 184169 11737 23453
0b000301 0b000001 10173 100 1048576 184169 11737 23453
0b000201 0b000301 10174 100 1048576 184181 11737 23453
0b000101 0b000201 10174 100 1048576 184181 11737 23453
0b000001 0b000101 10174 100 1048576 184181 11737 23453
0b000301 0b000001 10174 100 1048576 184181 11737 23453
0b000201 0b000301 10175 100 1048576 184193 11737 23453
0b000101 0b000201 10175 100 1048576 184193 11737 23453
0b000001 0b000101 10175 100 1048576 184193 11737 23453
0b000301 0b000001 10175 100 1048576 184193 11737 23453
0b000301 0b000001 10176 100 1048576 198934 11737 23453
0b000201 0b000301 10176 100 1048576 198934 11737 23453
0b000101 0b000201 10176 100 1048576 198934 11737 23453
0b000001 0b000101 10176 100 1048576 198934 11737 23453
0b000301 0b000001 10177 100 1048576 198946 11737 23453
0b000201 0b000301 10177 100 1048576 198946 11737 23453
0b000101 0b000201 10177 100 1048576 198946 11737 23453
0b000001 0b000101 10177 100 1048576 198946 11737 23453
0b000301 0b000001 10178 100 1048576 198958 11737 23453
0b000201 0b000301 10178 100 1048576 198958 11737 23453
0b000101 0b000201 10178 100 1048576 198958 11737 23453
0b000001 0b000101 10178 100 1048576 198958 11737 23453
0b000301 0b000001 10179 100 1048576 198970 11737 23453
0b000201 0b000301 10179 100 1048576 198970 11737 23453
0b000101 0b000201 10179 100 1048576 198970 11737 23453
0b000001 0b000101 10179 100 1048576 198970 11737 23453
0b000001 0b000101 10180 100 2097152 213720 23425 44546
0b000301 0b000001 10180 100 2097152 213720 23425 44546
0b000201 0b000301 10180 100 2097152 213720 23425 44546
0b000101 0b000201 10180 100 2097152 213720 23425 44546
0b000001 0b000101 10181 100 2097152 213720 23425 44546
0b000301 0b000001 10181 100 2097152 213720 23425 44546
0b000201 0b000301 10181 100 2097152 213720 23425 44546
0b000101 0b000201 10181 100 2097152 213720 23425 44546
0b000001 0b000101 10182 100 2097152 213720 23425 44546
0b000301 0b000001 10182 100 2097152 213720 23425 44546
0b000201 0b000301 10182 100 2097152 213720 23425 44546
0b000101 0b000201 10182 100 2097152 213720 23425 44546
0b000001 0b000101 10183 100 2097152 213720 23425 44546
0b000301 0b000001 10183 100 2097152 213720 23425 44546
0b000201 0b000301 10183 100 2097152 213720 23425 44546
0b000101 0b000201 10183 100 2097152 213720 23425 44546
0b000101 0b000201 10184 100 2097152 240185 23425 44546
0b000001 0b000101 10184 100 2097152 240185 23425 44546
0b000301 0b000001 10184 100 2097152 240185 23425 44546
0b000201 0b000301 10184 100 2097152 240185 23425 44546
0b000101 0b000201 10185 100 2097152 240185 23425 44546
0b000001 0b000101 10185 100 2097152 240185 23425 44546
0b000301 0b000001 10185 100 2097152 240185 23425 44546
0b000201 0b000301 10185 100 2097152 240185 23425 44546
0b000101 0b000201 10186 100 2097152 240185 23425 44546
0b000001 0b000101 10186 100 2097152 240185 23425 44546
0b000301 0b000001 10186 100 2097152 240185 23425 44546
0b000201 0b000301 10186 100 2097152 240185 23425 44546
0b000101 0b000201 10187 100 2097152 240185 23425 44546
0b000001 0b000101 10187 100 2097152 240185 23425 44546
0b000301 0b000001 10187 100 2097152 240185 23425 44546
0b000201 0b000301 10187 100 2097152 240185 23425 44546
0b000201 0b000301 10188 100 2097152 266650 23425 44546
0b000101 0b000201 10188 100 2097152 266650 23425 44546
0b000001 0b000101 10188 100 2097152 266650 23425 44546
0b000301 0b000001 10188 100 2097152 266650 23425 44546
0b000201 0b000301 10189 100 2097152 266650 23425 44546
0b000101 0b000201 10189 100 2097152 266650 23425 44546
0b000001 0b000101 10189 100 2097152 266650 23425 44546
0b000301 0b000001 10189 100 2097152 266650 23425 44546
0b000201 0b000301 10190 100 2097152 266650 23425 44546
0b000101 0b000201 10190 100 2097152 266650 23425 44546
0b000001 0b000101 10190 100 2097152 266650 23425 44546
0b000301 0b000001 10190 100 2097152 266650 23425 44546
0b000201 0b000301 10191 100 2097152 266650 23425 44546
0b000101 0b000201 10191 100 2097152 266650 23425 44546
0b000001 0b000101 10191 100 2097152 266650 23425 44546
0b000301 0b000001 10191 100 2097152 266650 23425 44546
0b000301 0b000001 10192 100 4194304 293088 46725 86731
0b000201 0b000301 10192 100 4194304 293088 46725 86731
0b000101 0b000201 10192 100 4194304 293088 46725 86731
0b000001 0b000101 10192 100 4194304 293088 46725 86731
0b000301 0b000001 10193 100 4194304 293088 46725 86731
0b000201 0b000301 10193 100 4194304 293088 46725 86731
0b000101 0b000201 10193 100 4194304 293088 46725 86731
0b000001 0b000101 10193 100 4194304 293088 46725 86731
0b000301 0b000001 10194 100 4194304 293088 46725 86731
0b000201 0b000301 10194 100 4194304 293088 46725 86731
0b000101 0b000201 10194 100 4194304 293088 46725 86731
0b000001 0b000101 10194 100 4194304 293088 46725 86731
0b000301 0b000001 10195 100 4194304 293088 46725 86731
0b000201 0b000301 10195 100 4194304 293088 46725 86731
0b000101 0b000201 10195 100 4194304 293088 46725 86731
0b000001 0b000101 10195 100 4194304 293088 46725 86731
0b000001 0b000101 10196 100 4194304 342853 46725 86731
0b000301 0b000001 10196 100 4194304 342853 46725 86731
0b000201 0b000301 10196 100 4194304 342853 46725 86731
0b000101 0b000201 10196 100 4194304 342853 46725 86731
0b000001 0b000101 10197 100 4194304 342853 46725 86731
0b000301 0b000001 10197 100 4194304 342853 46725 86731
0b000201 0b000301 10197 100 4194304 342853 46725 86731
0b000101 0b000201 10197 100 4194304 342853 46725 86731
0b000001 0b000101 10198 100 4194304 342853 46725 86731
0b000301 0b000001 10198 100 4194304 342853 46725 86731
0b000201 0b000301 10198 100 4194304 342853 46725 86731
0b000101 0b000201 10198 100 4194304 342853 46725 86731
0b000001 0b000101 10199 100 4194304 342853 46725 86731
0b000301 0b000001 10199 100 4194304 342853 46725 86731
0b000201 0b000301 10199 100 4194304 342853 46725 86731
0b000101 0b000201 10199 100 4194304 342853 46725 86731
0b000101 0b000201 10200 100 4194304 392618 46725 86731
0b000001 0b000101 10200 100 4194304 392618 46725 86731
0b000301 0b000001 10200 100 4194304 392618 46725 86731
0b000201 0b000301 10200 100 4194304 392618 46725 86731
0b000101 0b000201 10201 100 4194304 392618 46725 86731
0b000001 0b000101 10201 100 4194304 392618 46725 86731
0b000301 0b000001 10201 100 4194304 392618 46725 86731
0b000201 0b000301 10201 100 4194304 392618 46725 86731
0b000101 0b000201 10202 100 4194304 392618 46725 86731
0b000001 0b000101 10202 100 4194304 392618 46725 86731
0b000301 0b000001 10202 100 4194304 392618 46725 86731
0b000201 0b000301 10202 100 4194304 392618 46725 86731
0b000101 0b000201 10203 100 4194304 392618 46725 86731
0b000001 0b000101 10203 100 4194304 392618 46725 86731
0b000301 0b000001 10203 100 4194304 392618 46725 86731
0b000201 0b000301 10203 100 4194304 392618 46725 86731
0b000201 0b000301 10204 100 8388608 442356 93326 171102
0b000101 0b000201 10204 100 8388608 442356 93326 171102
0b000001 0b000101 10204 100 8388608 442356 93326 171102
0b000301 0b000001 10204 100 8388608 442356 93326 171102
0b000201 0b000301 10205 100 8388608 442356 93327 171102
0b000101 0b000201 10205 100 8388608 442356 93327 171102
0b000001 0b000101 10205 100 8388608 442356 93327 171102
0b000301 0b000001 10205 100 8388608 442356 93327 171102
0b000201 0b000301 10206 100 8388608 442356 93328 171102
0b000101 0b000201 10206 100 8388608 442356 93328 171102
0b000001 0b000101 10206 100 8388608 442356 93328 171102
0b000301 0b000001 10206 100 8388608 442356 93328 171102
0b000201 0b000301 10207 100 8388608 442356 93329 171102
0b000101 0b000201 10207 100 8388608 442356 93329 171102
0b000001 0b000101 10207 100 8388608 442356 93329 171102
0b000301 0b000001 10207 100 8388608 442356 93329 171102
0b000301 0b000001 10208 100 8388608 538722 93326 171102
0b000201 0b000301 10208 100 8388608 538722 93326 171102
0b000101 0b000201 10208 100 8388608 538722 93326 171102
0b000001 0b000101 10208 100 8388608 538722 93326 171102
0b000301 0b000001 10209 100 8388608 538723 93326 171102
0b000201 0b000301 10209 100 8388608 538723 93326 171102
0b000101 0b000201 10209 100 8388608 538723 93326 171102
0b000001 0b000101 10209 100 8388608 538723 93326 171102
0b000301 0b000001 10210 100 8388608 538724 93326 171102
0b000201 0b000301 10210 100 8388608 538724 93326 171102
0b000101 0b000201 10210 100 8388608 538724 93326 171102
0b000001 0b000101 10210 100 8388608 538724 93326 171102
0b000301 0b000001 10211 100 8388608 538725 93326 171102
0b000201 0b000301 10211 100 8388608 538725 93326 171102
0b000101 0b000201 10211 100 8388608 538725 93326 171102
0b000001 0b000101 10211 100 8388608 538725 93326 171102
0b000001 0b000101 10212 100 8388608 635088 93326 171102
0b000301 0b000001 10212 100 8388608 635088 93326 171102
0b000201 0b000301 10212 100 8388608 635088 93326 171102
0b000101 0b000201 10212 100 8388608 635088 93326 171102
0b000001 0b000101 10213 100 8388608 635089 93326 171102
0b000301 0b000001 10213 100 8388608 635089 93326 171102
0b000201 0b000301 10213 100 8388608 635089 93326 171102
0b000101 0b000201 10213 100 8388608 635089 93326 171102
0b000001 0b000101 10214 100 8388608 635090 93326 171102
0b000301 0b000001 10214 100 8388608 635090 93326 171102
0b000201 0b000301 10214 100 8388608 635090 93326 171102
0b000101 0b000201 10214 100 8388608 635090 93326 171102
0b000001 0b000101 10215 100 8388608 635091 93326 171102
0b000301 0b000001 10215 100 8388608 635091 93326 171102
0b000201 0b000301 10215 100 8388608 635091 93326 171102
0b000101 0b000201 10215 100 8388608 635091 93326 171102
0b000101 0b000201 10216 100 16777216 731430 186528 339843
0b000001 0b000101 10216 100 16777216 731430 186528 339843
0b000301 0b000001 10216 100 16777216 731430 186528 339843
0b000201 0b000301 10216 100 16777216 731430 186528 339843
0b000101 0b000201 10217 100 16777216 731430 186531 339843
0b000001 0b000101 10217 100 16777216 731430 186531 339843
0b000301 0b000001 10217 100 16777216 731430 186531 339843
0b000201 0b000301 10217 100 16777216 731430 186531 339843
0b000101 0b000201 10218 100 16777216 731430 186534 339843
0b000001 0b000101 10218 100 16777216 731430 186534 339843
0b000301 0b000001 10218 100 16777216 731430 186534 339843
0b000201 0b000301 10218 100 16777216 731430 186534 339843
0b000101 0b000201 10219 100 16777216 731430 186537 339843
0b000001 0b000101 10219 100 16777216 731430 186537 339843
0b000301 0b000001 10219 100 16777216 731430 186537 339843
0b000201 0b000301 10219 100 16777216 731430 186537 339843
0b000201 0b000301 10220 100 16777216 920998 186528 339843
0b000101 0b000201 10220 100 16777216 920998 186528 339843
0b000001 0b000101 10220 100 16777216 920998 186528 339843
0b000301 0b000001 10220 100 16777216 920998 186528 339843
0b000201 0b000301 10221 100 16777216 921001 186528 339843
0b000101 0b000201 10221 100 16777216 921001 186528 339843
0b000001 0b000101 10221 100 16777216 921001 186528 339843
0b000301 0b000001 10221 100 16777216 921001 186528 339843
0b000201 0b000301 10222 100 16777216 921004 186528 339843
0b000101 0b000201 10222 100 16777216 921004 186528 339843
0b000001 0b000101 10222 100 16777216 921004 186528 339843
0b000301 0b000001 10222 100 16777216 921004 186528 339843
0b000201 0b000301 10223 100 16777216 921007 186528 339843
0b000101 0b000201 10223 100 16777216 921007 186528 339843
0b000001 0b000101 10223 100 16777216 921007 186528 339843
0b000301 0b000001 10223 100 16777216 921007 186528 339843
0b000301 0b000001 10224 100 16777216 1110566 186528 339843
0b000201 0b000301 10224 100 16777216 1110566 186528 339843
0b000101 0b000201 10224 100 16777216 1110566 186528 339843
0b000001 0b000101 10224 100 16777216 1110566 186528 339843
0b000301 0b000001 10225 100 16777216 1110569 186528 339843
0b000201 0b000301 10225 100 16777216 1110569 186528 339843
0b000101 0b000201 10225 100 16777216 1110569 186528 339843
0b000001 0b000101 10225 100 16777216 1110569 186528 339843
0b000301 0b000001 10226 100 16777216 1110572 186528 339843
0b000201 0b000301 10226 100 16777216 1110572 186528 339843
0b000101 0b000201 10226 100 16777216 1110572 186528 339843
0b000001 0b000101 10226 100 16777216 1110572 186528 339843
0b000301 0b000001 10227 100 16777216 1110575 186528 339843
0b000201 0b000301 10227 100 16777216 1110575 186528 339843
0b000101 0b000201 10227 100 16777216 1110575 186528 339843
0b000001 0b000101 10227 100 16777216 1110575 186528 339843
0b000001 0b000101 10228 100 33554432 1300116 372931 677326
0b000301 0b000001 10228 100 33554432 1300116 372931 677326
0b000201 0b000301 10228 100 33554432 1300116 372931 677326
0b000101 0b000201 10228 100 33554432 1300116 372931 677326
0b000001 0b000101 10229 100 33554432 1300116 372937 677326
0b000301 0b000001 10229 100 33554432 1300116 372937 677326
0b000201 0b000301 10229 100 33554432 1300116 372937 677326
0b000101 0b000201 10229 100 33554432 1300116 372937 677326
0b000001 0b000101 10230 100 33554432 1300116 372943 677326
0b000301 0b000001 10230 100 33554432 1300116 372943 677326
0b000201 0b000301 10230 100 33554432 1300116 372943 677326
0b000101 0b000201 10230 100 33554432 1300116 372943 677326
0b000001 0b000101 10231 100 33554432 1300116 372949 677326
0b000301 0b000001 10231 100 33554432 1300116 372949 677326
0b000201 0b000301 10231 100 33554432 1300116 372949 677326
0b000101 0b000201 10231 100 33554432 1300116 372949 677326
0b000101 0b000201 10232 100 33554432 1676087 372931 677326
0b000001 0b000101 10232 100 33554432 1676087 372931 677326
0b000301 0b000001 10232 100 33554432 1676087 372931 677326
0b000201 0b000301 10232 100 33554432 1676087 372931 677326
0b000101 0b000201 10233 100 33554432 1676093 372931 677326
0b000001 0b000101 10233 100 33554432 1676093 372931 677326
0b000301 0b000001 10233 100 33554432 1676093 372931 677326
0b000201 0b000301 10233 100 33554432 1676093 372931 677326
0b000101 0b000201 10234 100 33554432 1676099 372931 677326
0b000001 0b000101 10234 100 33554432 1676099 372931 677326
0b000301 0b000001 10234 100 33554432 1676099 372931 677326
0b000201 0b000301 10234 100 33554432 1676099 372931 677326
0b000101 0b000201 10235 100 33554432 1676105 372931 677326
0b000001 0b000101 10235 100 33554432 1676105 372931 677326
0b000301 0b000001 10235 100 33554432 1676105 372931 677326
0b000201 0b000301 10235 100 33554432 1676105 372931 677326
0b000201 0b000301 10236 100 33554432 2052058 372931 677326
0b000101 0b000201 10236 100 33554432 2052058 372931 677326
0b000001 0b000101 10236 100 33554432 2052058 372931 677326
0b000301 0b000001 10236 100 33554432 2052058 372931 677326
0b000201 0b000301 10237 100 33554432 2052064 372931 677326
0b000101 0b000201 10237 100 33554432 2052064 372931 677326
0b000001 0b000101 10237 100 33554432 2052064 372931 677326
0b000301 0b000001 10237 100 33554432 2052064 372931 677326
0b000201 0b000301 10238 100 33554432 2052070 372931 677326
0b000101 0b000201 10238 100 33554432 2052070 372931 677326
0b000001 0b000101 10238 100 33554432 2052070 372931 677326
0b000301 0b000001 10238 100 33554432 2052070 372931 677326
0b000201 0b000301 10239 100 33554432 2052076 372931 677326
0b000101 0b000201 10239 100 33554432 2052076 372931 677326
0b000001 0b000101 10239 100 33554432 2052076 372931 677326
0b000301 0b000001 10239 100 33554432 2052076 372931 677326
0b000301 0b000001 10240 100 67108864 2428020 745738 1352292
0b000201 0b000301 10240 100 67108864 2428020 745738 1352292
0b000101 0b000201 10240 100 67108864 2428020 745738 1352292
0b000001 0b000101 10240 100 67108864 2428020 745738 1352292
0b000301 0b000001 10241 100 67108864 2428020 745751 1352292
0b000201 0b000301 10241 100 67108864 2428020 745751 1352292
0b000101 0b000201 10241 100 67108864 2428020 745751 1352292
0b000001 0b000101 10241 100 67108864 2428020 745751 1352292
0b000301 0b000001 10242 100 67108864 2428020 745764 1352292
0b000201 0b000301 10242 100 67108864 2428020 745764 1352292
0b000101 0b000201 10242 100 67108864 2428020 745764 1352292
0b000001 0b000101 10242 100 67108864 2428020 745764 1352292
0b000301 0b000001 10243 100 67108864 2428020 745777 1352292
0b000201 0b000301 10243 100 67108864 2428020 745777 1352292
0b000101 0b000201 10243 100 67108864 2428020 745777 1352292
0b000001 0b000101 10243 100 67108864 2428020 745777 1352292
0b000001 0b000101 10244 100 67108864 3176798 745738 1352292
0b000301 0b000001 10244 100 67108864 3176798 745738 1352292
0b000201 0b000301 10244 100 67108864 3176798 745738 1352292
0b000101 0b000201 10244 100 67108864 3176798 745738 1352292
0b000001 0b000101 10245 100 67108864 3176811 745738 1352292
0b000301 0b000001 10245 100 67108864 3176811 745738 1352292
0b000201 0b000301 10245 100 67108864 3176811 745738 1352292
0b000101 0b000201 10245 100 67108864 3176811 745738 1352292
0b000001 0b000101 10246 100 67108864 3176824 745738 1352292
0b000301 0b000001 10246 100 67108864 3176824 745738 1352292
0b000201 0b000301 10246 100 67108864 3176824 745738 1352292
0b000101 0b000201 10246 100 67108864 3176824 745738 1352292
0b000001 0b000101 10247 100 67108864 3176837 745738 1352292
0b000301 0b000001 10247 100 67108864 3176837 745738 1352292
0b000201 0b000301 10247 100 67108864 3176837 745738 1352292
0b000101 0b000201 10247 100 67108864 3176837 745738 1352292
0b000101 0b000201 10248 100 67108864 3925576 745738 1352292
0b000001 0b000101 10248 100 67108864 3925576 745738 1352292
0b000301 0b000001 10248 100 67108864 3925576 745738 1352292
0b000201 0b000301 10248 100 67108864 3925576 745738 1352292
0b000101 0b000201 10249 100 67108864 3925589 745738 1352292
0b000001 0b000101 10249 100 67108864 3925589 745738 1352292
0b000301 0b000001 10249 100 67108864 3925589 745738 1352292
0b000201 0b000301 10249 100 67108864 3925589 745738 1352292
0b000101 0b000201 10250 100 67108864 3925602 745738 1352292
0b000001 0b000101 10250 100 67108864 3925602 745738 1352292
0b000301 0b000001 10250 100 67108864 3925602 745738 1352292
0b000201 0b000301 10250 100 67108864 3925602 745738 1352292
0b000101 0b000201 10251 100 67108864 3925615 745738 1352292
0b000001 0b000101 10251 100 67108864 3925615 745738 1352292
0b000301 0b000001 10251 100 67108864 3925615 745738 1352292
0b000201 0b000301 10251 100 67108864 3925615 745738 1352292
0b000201 0b000301 10252 100 134217728 4674366 1491427 2702225
0b000101 0b000201 10252 100 134217728 4674366 1491427 2702225
0b000001 0b000101 10252 100 134217728 4674366 1491427 2702225
0b000301 0b000001 10252 100 134217728 4674366 1491427 2702225
0b000201 0b000301 10253 100 134217728 4674366 1491429 2702225
0b000101 0b000201 10253 100 134217728 4674366 1491429 2702225
0b000001 0b000101 10253 100 134217728 4674366 1491429 2702225
0b000301 0b000001 10253 100 134217728 4674366 1491429 2702225
0b000201 0b000301 10254 100 134217728 4674366 1491431 2702225
0b000101 0b000201 10254 100 134217728 4674366 1491431 2702225
0b000001 0b000101 10254 100 134217728 4674366 1491431 2702225
0b000301 0b000001 10254 100 134217728 4674366 1491431 2702225
0b000201 0b000301 10255 100 134217728 4674366 1491433 2702225
0b000101 0b000201 10255 100 134217728 4674366 1491433 2702225
0b000001 0b000101 10255 100 134217728 4674366 1491433 2702225
0b000301 0b000001 10255 100 134217728 4674366 1491433 2702225
0b000301 0b000001 10256 100 134217728 6168833 1491427 2702225
0b000201 0b000301 10256 100 134217728 6168833 1491427 2702225
0b000101 0b000201 10256 100 134217728 6168833 1491427 2702225
0b000001 0b000101 10256 100 134217728 6168833 1491427 2702225
0b000301 0b000001 10257 100 134217728 6168835 1491427 2702225
0b000201 0b000301 10257 100 134217728 6168835 1491427 2702225
0b000101 0b000201 10257 100 134217728 6168835 1491427 2702225
0b000001 0b000101 10257 100 134217728 6168835 1491427 2702225
0b000301 0b000001 10258 100 134217728 6168837 1491427 2702225
0b000201 0b000301 10258 100 134217728 6168837 1491427 2702225
0b000101 0b000201 10258 100 134217728 6168837 1491427 2702225
0b000001 0b000101 10258 100 134217728 6168837 1491427 2702225
0b000301 0b000001 10259 100 134217728 6168839 1491427 2702225
0b000201 0b000301 10259 100 134217728 6168839 1491427 2702225
0b000101 0b000201 10259 100 134217728 6168839 1491427 2702225
0b000001 0b000101 10259 100 134217728 6168839 1491427 2702225
0b000001 0b000101 10260 100 134217728 7663300 1491427 2702225
0b000301 0b000001 10260 100 134217728 7663300 1491427 2702225
0b000201 0b000301 10260 100 134217728 7663300 1491427 2702225
0b000101 0b000201 10260 100 134217728 7663300 1491427 2702225
0b000001 0b000101 10261 100 134217728 7663302 1491427 2702225
0b000301 0b000001 10261 100 134217728 7663302 1491427 2702225
0b000201 0b000301 10261 100 134217728 7663302 1491427 2702225
0b000101 0b000201 10261 100 134217728 7663302 1491427 2702225
0b000001 0b000101 10262 100 134217728 7663304 1491427 2702225
0b000301 0b000001 10262 100 134217728 7663304 1491427 2702225
0b000201 0b000301 10262 100 134217728 7663304 1491427 2702225
0b000101 0b000201 10262 100 134217728 7663304 1491427 2702225
0b000001 0b000101 10263 100 134217728 7663306 1491427 2702225
0b000301 0b000001 10263 100 134217728 7663306 1491427 2702225
0b000201 0b000301 10263 100 134217728 7663306 1491427 2702225
0b000101 0b000201 10263 100 134217728 7663306 1491427 2702225
0b000101 0b000201 10264 100 268435456 9157746 2982729 5402089
0b000001 0b000101 10264 100 268435456 9157746 2982729 5402089
0b000301 0b000001 10264 100 268435456 9157746 2982729 5402089
0b000201 0b000301 10264 100 268435456 9157746 2982729 5402089
0b000101 0b000201 10265 100 268435456 9157746 2982733 5402089
0b000001 0b000101 10265 100 268435456 9157746 2982733 5402089
0b000301 0b000001 10265 100 268435456 9157746 2982733 5402089
0b000201 0b000301 10265 100 268435456 9157746 2982733 5402089
0b000101 0b000201 10266 100 268435456 9157746 2982737 5402089
0b000001 0b000101 10266 100 268435456 9157746 2982737 5402089
0b000301 0b000001 10266 100 268435456 9157746 2982737 5402089
0b000201 0b000301 10266 100 268435456 9157746 2982737 5402089
0b000101 0b000201 10267 100 268435456 9157746 2982741 5402089
0b000001 0b000101 10267 100 268435456 9157746 2982741 5402089
0b000301 0b000001 10267 100 268435456 9157746 2982741 5402089
0b000201 0b000301 10267 100 268435456 9157746 2982741 5402089
0b000201 0b000301 10268 100 268435456 12143515 2982729 5402089
0b000101 0b000201 10268 100 268435456 12143515 2982729 5402089
0b000001 0b000101 10268 100 268435456 12143515 2982729 5402089
0b000301 0b000001 10268 100 268435456 12143515 2982729 5402089
0b000201 0b000301 10269 100 268435456 12143519 2982729 5402089
0b000101 0b000201 10269 100 268435456 12143519 2982729 5402089
0b000001 0b000101 10269 100 268435456 12143519 2982729 5402089
0b000301 0b000001 10269 100 268435456 12143519 2982729 5402089
0b000201 0b000301 10270 100 268435456 12143523 2982729 5402089
0b000101 0b000201 10270 100 268435456 12143523 2982729 5402089
0b000001 0b000101 10270 100 268435456 12143523 2982729 5402089
0b000301 0b000001 10270 100 268435456 12143523 2982729 5402089
0b000201 0b000301 10271 100 268435456 12143527 2982729 5402089
0b000101 0b000201 10271 100 268435456 12143527 2982729 5402089
0b000001 0b000101 10271 100 268435456 12143527 2982729 5402089
0b000301 0b000001 10271 100 268435456 12143527 2982729 5402089
0b000301 0b000001 10272 100 268435456 15129284 2982729 5402089
0b000201 0b000301 10272 100 268435456 15129284 2982729 5402089
0b000101 0b000201 10272 100 268435456 15129284 2982729 5402089
0b000001 0b000101 10272 100 268435456 15129284 2982729 5402089
0b000301 0b000001 10273 100 268435456 15129288 2982729 5402089
0b000201 0b000301 10273 100 268435456 15129288 2982729 5402089
0b000101 0b000201 10273 100 268435456 15129288 2982729 5402089
0b000001 0b000101 10273 100 268435456 15129288 2982729 5402089
0b000301 0b000001 10274 100 268435456 15129292 2982729 5402089
0b000201 0b000301 10274 100 268435456 15129292 2982729 5402089
0b000101 0b000201 10274 100 268435456 15129292 2982729 5402089
0b000001 0b000101 10274 100 268435456 15129292 2982729 5402089
0b000301 0b000001 10275 100 268435456 15129296 2982729 5402089
0b000201 0b000301 10275 100 268435456 15129296 2982729 5402089
0b000101 0b000201 10275 100 268435456 15129296 2982729 5402089
0b000001 0b000101 10275 100 268435456 15129296 2982729 5402089
0b000001 0b000101 10276 100 536870912 18115038 5965333 10801817
0b000301 0b000001 10276 100 536870912 18115038 5965333 10801817
0b000201 0b000301 10276 100 536870912 18115038 5965333 10801817
0b000101 0b000201 10276 100 536870912 18115038 5965333 10801817
0b000001 0b000101 10277 100 536870912 18115038 5965341 10801817
0b000301 0b000001 10277 100 536870912 18115038 5965341 10801817
0b000201 0b000301 10277 100 536870912 18115038 5965341 10801817
0b000101 0b000201 10277 100 536870912 18115038 5965341 10801817
0b000001 0b000101 10278 100 536870912 18115038 5965349 10801817
0b000301 0b000001 10278 100 536870912 18115038 5965349 10801817
0b000201 0b000301 10278 100 536870912 18115038 5965349 10801817
0b000101 0b000201 10278 100 536870912 18115038 5965349 10801817
0b000001 0b000101 10279 100 536870912 18115038 5965357 10801817
0b000301 0b000001 10279 100 536870912 18115038 5965357 10801817
0b000201 0b000301 10279 100 536870912 18115038 5965357 10801817
0b000101 0b000201 10279 100 536870912 18115038 5965357 10801817
0b000101 0b000201 10280 100 536870912 24083411 5965333 10801817
0b000001 0b000101 10280 100 536870912 24083411 5965333 10801817
0b000301 0b000001 10280 100 536870912 24083411 5965333 10801817
0b000201 0b000301 10280 100 536870912 24083411 5965333 10801817
0b000101 0b000201 10281 100 536870912 24083419 5965333 10801817
0b000001 0b000101 10281 100 536870912 24083419 5965333 10801817
0b000301 0b000001 10281 100 536870912 24083419 5965333 10801817
0b000201 0b000301 10281 100 536870912 24083419 5965333 10801817
0b000101 0b000201 10282 100 536870912 24083427 5965333 10801817
0b000001 0b000101 10282 100 536870912 24083427 5965333 10801817
0b000301 0b000001 10282 100 536870912 24083427 5965333 10801817
0b000201 0b000301 10282 100 536870912 24083427 5965333 10801817
0b000101 0b000201 10283 100 536870912 24083435 5965333 10801817
0b000001 0b000101 10283 100 536870912 24083435 5965333 10801817
0b000301 0b000001 10283 100 536870912 24083435 5965333 10801817
0b000201 0b000301 10283 100 536870912 24083435 5965333 10801817
0b000201 0b000301 10284 100 536870912 30051784 5965333 10801817
0b000101 0b000201 10284 100 536870912 30051784 5965333 10801817
0b000001 0b000101 10284 100 536870912 30051784 5965333 10801817
0b000301 0b000001 10284 100 536870912 30051784 5965333 10801817
0b000201 0b000301 10285 100 536870912 30051792 5965333 10801817
0b000101 0b000201 10285 100 536870912 30051792 5965333 10801817
0b000001 0b000101 10285 100 536870912 30051792 5965333 10801817
0b000301 0b000001 10285 100 536870912 30051792 5965333 10801817
0b000201 0b000301 10286 100 536870912 30051800 5965333 10801817
0b000101 0b000201 10286 100 536870912 30051800 5965333 10801817
0b000001 0b000101 10286 100 536870912 30051800 5965333 10801817
0b000301 0b000001 10286 100 536870912 30051800 5965333 10801817
0b000201 0b000301 10287 100 536870912 30051808 5965333 10801817
0b000101 0b000201 10287 100 536870912 30051808 5965333 10801817
0b000001 0b000101 10287 100 536870912 30051808 5965333 10801817
0b000301 0b000001 10287 100 536870912 30051808 5965333 10801817
